[
  254824415,
  108855261,
  34637,
  6835984,
  17149502,
  21783302,
  30107029,
  98424238,
  61521266,
  106455990,
  55391021,
  22329494,
  11696674,
  91075008,
  97776398,
  8890145,
  106569228,
  119664304,
  8101724,
  135589200,
  33250545,
  23829717,
  125382089,
  212657644,
  1061252,
  232529569,
  26001594,
  251680947,
  121365473,
  251486687,
  261290988,
  94550514,
  259198487,
  202312057,
  242873875,
  269285854,
  269283188,
  176322899,
  2009812,
  281791057,
  27968736,
  14728559,
  81309935,
  41856304,
  99042492,
  20941539,
  154471358,
  284997,
  43759292,
  198127390,
  329656815,
  47192869,
  171415893,
  7445996,
  282291554,
  207385779,
  8461462,
  75442980,
  46006066,
  112381382,
  21152372,
  141222242,
  10296842,
  58770480,
  40378777,
  40136239,
  18931106,
  3521121,
  10269058,
  23673358,
  185129706,
  108723546,
  161199861,
  105138944,
  250717409,
  36517470,
  288845974,
  10367987,
  138649186
]